' '
'MERC_26S_61W'
  7       -26.700         0.000       -61.000       -61.000         0.000
'LCC_TAN_32S_57W'
  2       -32.654       -32.654       -57.701       -57.70099     -32.65401
'LCC_SEC_50S_65W'
  2       -50.000       -20.000       -65.000       -65.000       -35.000
'MERC_TEST'
'MERC_26S_61W'     -3510000.000  -7302963.000     27000.000     27000.000  260  337    1
'LCC_SEC_TEST'
'LCC_SEC_50S_65W'  -1970000.000  -2370000.000     20000.000     20000.000  197  237    1
'LCC_TAN_TEST'
'LCC_TAN_32S_57W'  -1970000.000  -2370000.000     20000.000     20000.000  197  237    1
